[gd_scene load_steps=24 format=3 uid="uid://8a00sh66ihoa"]

[ext_resource type="PackedScene" uid="uid://2f6atne80lb0" path="res://Assets/Meshes/Characters/Eva/robot_Eva_Rigged.tscn" id="2_hwe4f"]
[ext_resource type="PackedScene" uid="uid://bokk03njw1g62" path="res://Assets/Meshes/Enviro/mesh_buildings_loop_02.tscn" id="2_pmxf5"]
[ext_resource type="PackedScene" uid="uid://4ktf8xhcxr8f" path="res://Assets/Meshes/Enviro/plane_16_9.tscn" id="2_tsbgh"]
[ext_resource type="PackedScene" uid="uid://sqtp5dlv83tu" path="res://Assets/Meshes/Enviro/mesh_buildings_loop_03.tscn" id="3_p20j8"]
[ext_resource type="Script" path="res://addons/post_processing/node/post_process.gd" id="4_474d5"]
[ext_resource type="PackedScene" uid="uid://njq1raxq33q0" path="res://Assets/Meshes/Enviro/mesh_buildings_loop_04.tscn" id="4_yh5vk"]
[ext_resource type="PackedScene" uid="uid://ccriwcheek0fp" path="res://Assets/Meshes/Enviro/Mesh_road.tscn" id="6_j67yi"]
[ext_resource type="Resource" uid="uid://btqekgqovx3lm" path="res://Assets/PostPro/PostProcess_Basic_Pilou_01.tres" id="7_qbrxa"]

[sub_resource type="FogMaterial" id="FogMaterial_wydri"]
density = -0.319
albedo = Color(0, 0, 0, 1)
emission = Color(1, 1, 1, 1)
height_falloff = 1.0

[sub_resource type="Animation" id="Animation_xx3aq"]
resource_name = "Anim_Robot"
length = 10.0
loop_mode = 1
tracks/0/type = "position_3d"
tracks/0/imported = false
tracks/0/enabled = true
tracks/0/path = NodePath(".")
tracks/0/interp = 1
tracks/0/loop_wrap = true
tracks/0/keys = PackedFloat32Array()
tracks/1/type = "bezier"
tracks/1/imported = false
tracks/1/enabled = true
tracks/1/path = NodePath(".:position:x")
tracks/1/interp = 1
tracks/1/loop_wrap = true
tracks/1/keys = {
"handle_modes": PackedInt32Array(2, 2, 2, 2, 2, 2, 0),
"points": PackedFloat32Array(0.0536268, 0, 0, 0.5, 0, 0.0776, -0.5, 0, 0.477778, 0, 0.00103817, -0.477778, 0, 0.511111, 0, 0.0616375, -0.511111, 0, 0.488889, 0, 0.0242361, -0.488889, 0, 0.677778, 0, 0.0585322, -0.677778, 0, 0.677778, 0, 0.0536268, 0, 0, 0.5, 0),
"times": PackedFloat32Array(0, 1.5, 2.93333, 4.46667, 5.93333, 7.96667, 10)
}
tracks/2/type = "bezier"
tracks/2/imported = false
tracks/2/enabled = true
tracks/2/path = NodePath(".:position:y")
tracks/2/interp = 1
tracks/2/loop_wrap = true
tracks/2/keys = {
"handle_modes": PackedInt32Array(2, 2, 2, 2, 2, 2, 0),
"points": PackedFloat32Array(1.89316, 0, 0, 0.5, 0, 1.97525, -0.5, 0, 0.477778, 0, 1.88387, -0.477778, 0, 0.511111, 0, 2.01649, -0.511111, 0, 0.488889, 0, 1.97202, -0.488889, 0, 0.677778, 0, 1.9969, -0.677778, 0, 0.677778, 0, 1.89316, 0, 0, 0.5, 0),
"times": PackedFloat32Array(0, 1.5, 2.93333, 4.46667, 5.93333, 7.96667, 10)
}
tracks/3/type = "bezier"
tracks/3/imported = false
tracks/3/enabled = true
tracks/3/path = NodePath(".:position:z")
tracks/3/interp = 1
tracks/3/loop_wrap = true
tracks/3/keys = {
"handle_modes": PackedInt32Array(2, 2, 2, 2, 2, 2, 0),
"points": PackedFloat32Array(0, 0, 0, 0.5, 0, 0.00663444, -0.5, 0, 0.477778, 0, 0.0591344, -0.477778, 0, 0.511111, 0, 0.0738016, -0.511111, 0, 0.488889, 0, 0.0383676, -0.488889, 0, 0.677778, 0, 0.0332981, -0.677778, 0, 0.677778, 0, 0, 0, 0, 0.5, 0),
"times": PackedFloat32Array(0, 1.5, 2.93333, 4.46667, 5.93333, 7.96667, 10)
}
tracks/4/type = "bezier"
tracks/4/imported = false
tracks/4/enabled = true
tracks/4/path = NodePath(".:rotation:x")
tracks/4/interp = 1
tracks/4/loop_wrap = true
tracks/4/keys = {
"handle_modes": PackedInt32Array(0, 0, 0, 0, 0, 0, 0),
"points": PackedFloat32Array(0.105894, -0.25, 0, 0.25, 0, 0.105894, -0.25, 0, 0.25, 0, 0.105894, -0.25, 0, 0.25, 0, 0.105894, -0.25, 0, 0.25, 0, 0.105894, -0.25, 0, 0.25, 0, 0.105894, -0.25, 0, 0.25, 0, 0.105894, -0.25, 0, 0.25, 0),
"times": PackedFloat32Array(0, 1.5, 2.93333, 4.46667, 5.93333, 7.96667, 10)
}
tracks/5/type = "bezier"
tracks/5/imported = false
tracks/5/enabled = true
tracks/5/path = NodePath(".:rotation:y")
tracks/5/interp = 1
tracks/5/loop_wrap = true
tracks/5/keys = {
"handle_modes": PackedInt32Array(0, 0, 0, 0, 0, 0, 0),
"points": PackedFloat32Array(0.0344318, -0.25, 0, 0.25, 0, 0.0344318, -0.25, 0, 0.25, 0, 0.0344318, -0.25, 0, 0.25, 0, 0.0344318, -0.25, 0, 0.25, 0, 0.0344318, -0.25, 0, 0.25, 0, 0.0344318, -0.25, 0, 0.25, 0, 0.0344318, -0.25, 0, 0.25, 0),
"times": PackedFloat32Array(0, 1.5, 2.93333, 4.46667, 5.93333, 7.96667, 10)
}
tracks/6/type = "bezier"
tracks/6/imported = false
tracks/6/enabled = true
tracks/6/path = NodePath(".:rotation:z")
tracks/6/interp = 1
tracks/6/loop_wrap = true
tracks/6/keys = {
"handle_modes": PackedInt32Array(0, 0, 0, 0, 0, 0, 0),
"points": PackedFloat32Array(-0.0351911, -0.25, 0, 0.25, 0, -0.0640588, -0.25, 0, 0.25, 0, -0.0295885, -0.25, 0, 0.25, 0, -0.0632908, -0.25, 0, 0.25, 0, -0.0411775, -0.25, 0, 0.25, 0, -0.066764, -0.25, 0, 0.25, 0, -0.0351911, -0.25, 0, 0.25, 0),
"times": PackedFloat32Array(0, 1.5, 2.93333, 4.46667, 5.93333, 7.96667, 10)
}

[sub_resource type="Animation" id="Animation_kwp3a"]
length = 0.001
tracks/0/type = "bezier"
tracks/0/imported = false
tracks/0/enabled = true
tracks/0/path = NodePath(".:position:x")
tracks/0/interp = 1
tracks/0/loop_wrap = true
tracks/0/keys = {
"handle_modes": PackedInt32Array(0),
"points": PackedFloat32Array(0.0536268, -0.25, 0, 0.25, 0),
"times": PackedFloat32Array(0)
}
tracks/1/type = "bezier"
tracks/1/imported = false
tracks/1/enabled = true
tracks/1/path = NodePath(".:position:y")
tracks/1/interp = 1
tracks/1/loop_wrap = true
tracks/1/keys = {
"handle_modes": PackedInt32Array(0),
"points": PackedFloat32Array(1.89316, -0.25, 0, 0.25, 0),
"times": PackedFloat32Array(0)
}
tracks/2/type = "bezier"
tracks/2/imported = false
tracks/2/enabled = true
tracks/2/path = NodePath(".:position:z")
tracks/2/interp = 1
tracks/2/loop_wrap = true
tracks/2/keys = {
"handle_modes": PackedInt32Array(0),
"points": PackedFloat32Array(0, -0.25, 0, 0.25, 0),
"times": PackedFloat32Array(0)
}
tracks/3/type = "bezier"
tracks/3/imported = false
tracks/3/enabled = true
tracks/3/path = NodePath(".:rotation:x")
tracks/3/interp = 1
tracks/3/loop_wrap = true
tracks/3/keys = {
"handle_modes": PackedInt32Array(0),
"points": PackedFloat32Array(0.105894, -0.25, 0, 0.25, 0),
"times": PackedFloat32Array(0)
}
tracks/4/type = "bezier"
tracks/4/imported = false
tracks/4/enabled = true
tracks/4/path = NodePath(".:rotation:y")
tracks/4/interp = 1
tracks/4/loop_wrap = true
tracks/4/keys = {
"handle_modes": PackedInt32Array(0),
"points": PackedFloat32Array(0.0344318, -0.25, 0, 0.25, 0),
"times": PackedFloat32Array(0)
}
tracks/5/type = "bezier"
tracks/5/imported = false
tracks/5/enabled = true
tracks/5/path = NodePath(".:rotation:z")
tracks/5/interp = 1
tracks/5/loop_wrap = true
tracks/5/keys = {
"handle_modes": PackedInt32Array(0),
"points": PackedFloat32Array(-0.0351911, -0.25, 0, 0.25, 0),
"times": PackedFloat32Array(0)
}

[sub_resource type="AnimationLibrary" id="AnimationLibrary_eapgk"]
_data = {
"Anim_Robot": SubResource("Animation_xx3aq"),
"RESET": SubResource("Animation_kwp3a")
}

[sub_resource type="Animation" id="Animation_hbu4a"]
resource_name = "CityLoop"
length = 2.0
loop_mode = 1
step = 2.0
tracks/0/type = "rotation_3d"
tracks/0/imported = false
tracks/0/enabled = true
tracks/0/path = NodePath(".")
tracks/0/interp = 1
tracks/0/loop_wrap = true
tracks/0/keys = PackedFloat32Array(0, 1, 0, 0, 0, 1, 1, 1, 1, 0, 0, -4.37114e-08, 1.5, 1, 0.707107, 0, 0, 0.707107, 2, 1, -8.74228e-08, 0, 0, 1, 2.00002, 1, 0.00872664, 0, 0, 0.999962)

[sub_resource type="Animation" id="Animation_888p5"]
resource_name = "CityLoop_2"
length = 12.0
loop_mode = 1
step = 2.0
tracks/0/type = "rotation_3d"
tracks/0/imported = false
tracks/0/enabled = false
tracks/0/path = NodePath(".")
tracks/0/interp = 1
tracks/0/loop_wrap = true
tracks/0/keys = PackedFloat32Array(0, 1, 0, 0, 0, 1, 6, 1, 1, 0, 0, -4.37114e-08, 9, 1, 0.707107, 0, 0, 0.707107, 12, 1, -8.74228e-08, 0, 0, 1, 12.0001, 1, 0.00872664, 0, 0, 0.999962)
tracks/1/type = "rotation_3d"
tracks/1/imported = false
tracks/1/enabled = true
tracks/1/path = NodePath(".")
tracks/1/interp = 1
tracks/1/loop_wrap = true
tracks/1/keys = PackedFloat32Array(0, 1, 0, 0, 0, 1, 6, 1, 1, 0, 0, -4.37114e-08, 9, 1, 0.707107, 0, 0, 0.707107, 12, 1, -8.74228e-08, 0, 0, 1)

[sub_resource type="Animation" id="Animation_jpj2d"]
length = 0.001
tracks/0/type = "rotation_3d"
tracks/0/imported = false
tracks/0/enabled = true
tracks/0/path = NodePath(".")
tracks/0/interp = 1
tracks/0/loop_wrap = true
tracks/0/keys = PackedFloat32Array(0, 1, 0.92705, 0, 0, 0.374938)

[sub_resource type="AnimationLibrary" id="AnimationLibrary_kajny"]
_data = {
"CityLoop": SubResource("Animation_hbu4a"),
"CityLoop_2": SubResource("Animation_888p5"),
"RESET": SubResource("Animation_jpj2d")
}

[sub_resource type="Animation" id="Animation_n1bd8"]
resource_name = "Anim_CityRotation_Mid"
length = 4.0
loop_mode = 1
step = 1.0
tracks/0/type = "rotation_3d"
tracks/0/imported = false
tracks/0/enabled = true
tracks/0/path = NodePath(".")
tracks/0/interp = 1
tracks/0/loop_wrap = true
tracks/0/keys = PackedFloat32Array()
tracks/1/type = "value"
tracks/1/imported = false
tracks/1/enabled = true
tracks/1/path = NodePath(".:rotation")
tracks/1/interp = 1
tracks/1/loop_wrap = true
tracks/1/keys = {
"times": PackedFloat32Array(0, 1, 2, 3, 4),
"transitions": PackedFloat32Array(1, 1, 1, 1, 1),
"update": 0,
"values": [Vector3(0, 0, 0), Vector3(-1.5708, 0, 0), Vector3(-3.14159, 0, 0), Vector3(-4.71239, 0, 0), Vector3(-6.28319, 0, 0)]
}

[sub_resource type="Animation" id="Animation_rtgsj"]
length = 0.001
tracks/0/type = "value"
tracks/0/imported = false
tracks/0/enabled = true
tracks/0/path = NodePath(".:rotation")
tracks/0/interp = 1
tracks/0/loop_wrap = true
tracks/0/keys = {
"times": PackedFloat32Array(0),
"transitions": PackedFloat32Array(1),
"update": 0,
"values": [Vector3(0, 0, 0)]
}

[sub_resource type="AnimationLibrary" id="AnimationLibrary_rvgy6"]
_data = {
"Anim_CityRotation_Mid": SubResource("Animation_n1bd8"),
"RESET": SubResource("Animation_rtgsj")
}

[sub_resource type="Animation" id="Animation_mb0de"]
resource_name = "Anim_CityRotation_slow"
length = 60.0
loop_mode = 1
step = 1.0
tracks/0/type = "rotation_3d"
tracks/0/imported = false
tracks/0/enabled = true
tracks/0/path = NodePath(".")
tracks/0/interp = 1
tracks/0/loop_wrap = true
tracks/0/keys = PackedFloat32Array()
tracks/1/type = "value"
tracks/1/imported = false
tracks/1/enabled = true
tracks/1/path = NodePath(".:rotation")
tracks/1/interp = 1
tracks/1/loop_wrap = true
tracks/1/keys = {
"times": PackedFloat32Array(0, 15.2333, 30, 46, 60),
"transitions": PackedFloat32Array(1, 1, 1, 1, 1),
"update": 0,
"values": [Vector3(0, 0, 0), Vector3(-1.5708, 0, 0), Vector3(-3.14159, 0, 0), Vector3(-4.71239, 0, 0), Vector3(-6.63225, 0, 0)]
}

[sub_resource type="Animation" id="Animation_s22g1"]
length = 0.001
tracks/0/type = "value"
tracks/0/imported = false
tracks/0/enabled = true
tracks/0/path = NodePath(".:rotation")
tracks/0/interp = 1
tracks/0/loop_wrap = true
tracks/0/keys = {
"times": PackedFloat32Array(0),
"transitions": PackedFloat32Array(1),
"update": 0,
"values": [Vector3(0, 0, 0)]
}

[sub_resource type="AnimationLibrary" id="AnimationLibrary_vjtfl"]
_data = {
"Anim_CityRotation_slow": SubResource("Animation_mb0de"),
"RESET": SubResource("Animation_s22g1")
}

[sub_resource type="Environment" id="Environment_lakqy"]
ambient_light_source = 2
ambient_light_color = Color(1, 1, 1, 1)
ambient_light_energy = 0.12
tonemap_white = 1.45
ssao_enabled = true
ssao_radius = 4.77
ssao_intensity = 5.06
ssao_power = 0.401915
ssao_detail = 5.0
ssao_horizon = 0.09
ssao_sharpness = 1.0
ssao_light_affect = 1.0
ssil_radius = 16.0
ssil_intensity = 4.9
ssil_normal_rejection = 0.0
sdfgi_use_occlusion = true
fog_enabled = true
fog_mode = 1
fog_light_color = Color(0.411539, 0.678144, 0.735421, 1)
fog_light_energy = 0.2
fog_density = 0.2734
fog_sky_affect = 0.0
fog_depth_begin = 5.0
fog_depth_end = 15.0
volumetric_fog_enabled = true
volumetric_fog_density = 0.01

[node name="Node3D" type="Node3D"]

[node name="Camera3D" type="Camera3D" parent="."]
transform = Transform3D(1, 0, 0, 0, 0.913126, 0.407677, 0, -0.407677, 0.913126, 0.11944, 3.00859, 1.11859)
fov = 47.7

[node name="Plane_16_9" parent="Camera3D" instance=ExtResource("2_tsbgh")]
transform = Transform3D(13.9424, 0, 0, 0, 9.53674e-07, -13.9424, 0, 13.9424, 2.86102e-06, 0, -4.14303, -25.3943)

[node name="Lighting" type="Node3D" parent="."]

[node name="SpotScat" type="SpotLight3D" parent="Lighting"]
transform = Transform3D(1, 0, 0, 0, 0.501616, -0.86509, 0, 0.86509, 0.501616, 0, -2.57775, 0.625911)
light_color = Color(0.42, 1, 0.777667, 1)
light_energy = 20.0
light_volumetric_fog_energy = 50.0
spot_range = 6.56372

[node name="SpotLight3D2" type="SpotLight3D" parent="Lighting"]
transform = Transform3D(1, 0, 0, 0, -0.998144, 0.0608917, 0, -0.0608917, -0.998144, -0.022521, 4.38061, -32.0591)
light_color = Color(0.817634, 0.966187, 0.995038, 1)
light_energy = 50.0
light_volumetric_fog_energy = 0.0
spot_range = 34.8259
spot_angle = 58.657

[node name="SpotLight3D6" type="SpotLight3D" parent="Lighting"]
transform = Transform3D(1, 0, 0, 0, -0.998144, 0.0608917, 0, -0.0608917, -0.998144, -0.022521, 0.143957, -14.7973)
light_color = Color(0.817634, 0.966187, 0.995038, 1)
light_energy = 50.0
light_volumetric_fog_energy = 0.0
spot_range = 34.8259
spot_angle = 58.657

[node name="FogVolume" type="FogVolume" parent="Lighting"]
transform = Transform3D(6.42964, 0, 0, 0, 6.42964, 0, 0, 0, 6.42964, -0.0162735, 0.0316439, -4.96131)
visible = false
material = SubResource("FogMaterial_wydri")

[node name="SpotLight3D" type="SpotLight3D" parent="Lighting"]
transform = Transform3D(0.569853, -0.214484, -0.793261, -0.577298, 0.582498, -0.572209, 0.584803, 0.784024, 0.208117, 0, -5.9291, -4.49585)
light_color = Color(0.510236, 0.861405, 0.761492, 1)
light_energy = 14.983
light_volumetric_fog_energy = 1.087
spot_range = 12.2048
spot_angle = 66.3528

[node name="SpotLight3D3" type="SpotLight3D" parent="Lighting"]
transform = Transform3D(0.691696, -0.214484, 0.689604, 0.657323, 0.582498, -0.478146, -0.299138, 0.784024, 0.543896, 0, -5.9291, -4.49585)
light_color = Color(0.510236, 0.861405, 0.761492, 1)
light_energy = 14.983
light_volumetric_fog_energy = 1.087
spot_range = 12.2048
spot_angle = 66.3528

[node name="SpotLight3D4" type="SpotLight3D" parent="Lighting"]
transform = Transform3D(0.556236, -0.221649, 0.80092, 0.273871, 0.958826, 0.0751455, -0.784599, 0.17755, 0.594037, -4.99869, -2.47093, -5.94517)
light_color = Color(1, 0.05, 0.160833, 1)
light_energy = 100.0
light_volumetric_fog_energy = 0.0
spot_range = 19.5998
spot_angle = 55.9153

[node name="SpotLight3D5" type="SpotLight3D" parent="Lighting"]
transform = Transform3D(0.559737, -0.0953653, -0.823164, 0.273871, 0.958826, 0.0751455, 0.782105, -0.267503, 0.562809, 5.64784, -2.47093, -5.94517)
light_color = Color(1, 0.05, 0.160833, 1)
light_energy = 100.0
light_volumetric_fog_energy = 0.0
spot_range = 19.5998
spot_angle = 55.9153

[node name="Meshes" type="Node3D" parent="."]

[node name="Node3D" type="Node3D" parent="Meshes"]
transform = Transform3D(0.999033, 0.039044, -0.0202136, -0.0389663, 0.999232, 0.00422383, 0.0203629, -0.00343208, 0.999787, 0.0527237, -0.20392, -0.415091)

[node name="Robot Pivot" type="Node3D" parent="Meshes/Node3D"]
transform = Transform3D(0.99866, 0.0387993, 0.0342322, -0.0349867, 0.993783, -0.105696, -0.0381203, 0.104357, 0.993809, 0.0536268, 1.89316, 0)

[node name="Robot_eva_03" parent="Meshes/Node3D/Robot Pivot" instance=ExtResource("2_hwe4f")]
transform = Transform3D(0.999127, -0.0417438, -0.00193136, 0.0300053, 0.748803, -0.662113, 0.0290853, 0.661476, 0.749402, 0.00796632, -3.76792, -5.05475)

[node name="SpotLight3D3" type="SpotLight3D" parent="Meshes/Node3D/Robot Pivot/Robot_eva_03"]
transform = Transform3D(0.999948, -0.00821157, -0.00605043, 0.0100089, 0.675693, 0.737115, -0.00196457, -0.737137, 0.67574, 0.473005, 0.30621, -0.923737)
light_color = Color(0.95, 0.8664, 0.494, 1)
light_energy = 150.0
light_volumetric_fog_energy = 10.0
spot_range = 1.63342
spot_angle = 45.3775

[node name="SpotLight3D4" type="SpotLight3D" parent="Meshes/Node3D/Robot Pivot/Robot_eva_03"]
transform = Transform3D(0.857698, -0.00821157, -0.514089, 0.383739, 0.675692, 0.629431, 0.342198, -0.737137, 0.582691, -0.451385, 0.177326, -0.791424)
light_color = Color(0.95, 0.8664, 0.494, 1)
light_energy = 150.0
light_volumetric_fog_energy = 10.0
spot_range = 1.63342
spot_angle = 45.3775

[node name="SpotLight3D5" type="SpotLight3D" parent="Meshes/Node3D/Robot Pivot/Robot_eva_03"]
transform = Transform3D(0.999256, -0.00821163, -0.0376832, 0.0333243, 0.675693, 0.73643, 0.019415, -0.737137, 0.675464, 1.22601, 5.29314, 0.995835)
light_color = Color(0.95, 0.8664, 0.494, 1)
light_energy = 1500.0
light_volumetric_fog_energy = 10.0
spot_range = 0.787848
spot_angle = 45.3775

[node name="SpotLight3D6" type="SpotLight3D" parent="Meshes/Node3D/Robot Pivot/Robot_eva_03"]
transform = Transform3D(0.999256, -0.00821163, -0.0376832, 0.0333243, 0.675693, 0.73643, 0.019415, -0.737137, 0.675464, -0.864019, 5.27357, 1.40527)
light_color = Color(0.95, 0.8664, 0.494, 1)
light_energy = 1500.0
light_volumetric_fog_energy = 10.0
spot_range = 0.787848
spot_angle = 45.3775

[node name="Anim_Robot" type="AnimationPlayer" parent="Meshes/Node3D/Robot Pivot"]
libraries = {
"": SubResource("AnimationLibrary_eapgk")
}
autoplay = "Anim_Robot"

[node name="R" type="Node3D" parent="Meshes"]
transform = Transform3D(1, 0, 0, 0, 1, 0, 0, 0, 1, 0, -0.041996, -1.47103)

[node name="CityRight" type="Node3D" parent="Meshes/R"]
transform = Transform3D(0.932608, 0, 0.360892, 0, 1, 0, -0.360892, 0, 0.932608, -3.26767, 0, 1.35209)

[node name="City Pivot" type="Node3D" parent="Meshes/R/CityRight"]
transform = Transform3D(1, 0, 0, 0, -0.718843, -0.695173, 0, 0.695173, -0.718843, 0, -4.34849, 0)

[node name="Anim_CityRotation" type="AnimationPlayer" parent="Meshes/R/CityRight/City Pivot"]
libraries = {
"": SubResource("AnimationLibrary_kajny")
}
autoplay = "CityLoop"

[node name="Mesh_buildingsLoop_04" parent="Meshes/R/CityRight/City Pivot" instance=ExtResource("2_pmxf5")]
transform = Transform3D(1, 0, 0, 0, 1, 0, 0, 0, 1, 3.8795, 0, 8.9407e-08)

[node name="Mesh_buildingsLoop_05" parent="Meshes/R/CityRight/City Pivot" instance=ExtResource("2_pmxf5")]
transform = Transform3D(1, 0, 0, 0, 0.101247, 0.994861, 0, -0.994861, 0.101247, 4.89639, 0, 8.9407e-08)

[node name="Mesh_buildingsLoop_06" parent="Meshes/R/CityRight/City Pivot" instance=ExtResource("2_pmxf5")]
transform = Transform3D(1, 0, 0, 0, 0.641436, -0.767176, 0, 0.767176, 0.641436, 6.20877, 2.28636e-08, 7.02907e-08)

[node name="CityRight2" type="Node3D" parent="Meshes/R"]
transform = Transform3D(0.810909, 0, 0.496828, 0, 0.951005, 0, -0.496828, 0, 0.810909, 0.161972, 0, 0.269481)

[node name="City PivotMid" type="Node3D" parent="Meshes/R/CityRight2"]
transform = Transform3D(1, 0, 0, 0, 1, 0, 0, 0, 1, 0.735375, -4.34849, 0)

[node name="Mesh_buildingsLoop_05" parent="Meshes/R/CityRight2/City PivotMid" instance=ExtResource("4_yh5vk")]
transform = Transform3D(1.26802, -9.41234e-08, -1.78814e-07, -3.13745e-08, 1.26802, -6.27489e-08, -1.19209e-07, 3.13745e-08, 1.26802, 1.7456, -1.43472e-06, -9.79114e-07)

[node name="Anim_CityRotation_mid" type="AnimationPlayer" parent="Meshes/R/CityRight2/City PivotMid"]
libraries = {
"": SubResource("AnimationLibrary_rvgy6")
}
autoplay = "Anim_CityRotation_Mid"

[node name="CityRight3" type="Node3D" parent="Meshes/R"]
transform = Transform3D(1.1314, 0, 0.927197, 0, 1.46279, 0, -0.927197, 0, 1.1314, 5.86641, -0.117934, 0.669335)

[node name="City PivotSlow" type="Node3D" parent="Meshes/R/CityRight3"]
transform = Transform3D(1, 0, 0, 0, 1, 0, 0, 0, 1, 0, -4.34849, 0)

[node name="Mesh_buildingsLoop_03" parent="Meshes/R/CityRight3/City PivotSlow" instance=ExtResource("3_p20j8")]
transform = Transform3D(1.64001, 0, 0, 0, 1.64001, -7.45058e-09, 0, 0, 1.64001, 0, 0, 0)

[node name="Anim_CityRotation_slow" type="AnimationPlayer" parent="Meshes/R/CityRight3/City PivotSlow"]
libraries = {
"": SubResource("AnimationLibrary_vjtfl")
}
autoplay = "Anim_CityRotation_slow"

[node name="R2" type="Node3D" parent="Meshes"]
transform = Transform3D(-1, 0, 0, 0, 1, 0, 0, 0, 1, 0, -0.041996, -1.47103)

[node name="CityRight" type="Node3D" parent="Meshes/R2"]
transform = Transform3D(0.932608, 0, 0.360892, 0, 1, 0, -0.360892, 0, 0.932608, -3.26015, 0.0572133, 1.46027)

[node name="City Pivot" type="Node3D" parent="Meshes/R2/CityRight"]
transform = Transform3D(1, 0, 0, 0, -0.718843, -0.695173, 0, 0.695173, -0.718843, 0, -4.34849, 0)

[node name="Anim_CityRotation" type="AnimationPlayer" parent="Meshes/R2/CityRight/City Pivot"]
libraries = {
"": SubResource("AnimationLibrary_kajny")
}
autoplay = "CityLoop"

[node name="Mesh_buildingsLoop_04" parent="Meshes/R2/CityRight/City Pivot" instance=ExtResource("2_pmxf5")]
transform = Transform3D(1, 0, 0, 0, -0.426174, 0.904641, 0, -0.904641, -0.426174, 3.8795, 0, 8.9407e-08)

[node name="Mesh_buildingsLoop_06" parent="Meshes/R2/CityRight/City Pivot" instance=ExtResource("2_pmxf5")]
transform = Transform3D(1, 0, 0, 0, 0.501254, -0.8653, 0, 0.8653, 0.501254, 5.85153, 2.33767e-09, -1.05257e-08)

[node name="Mesh_buildingsLoop_05" parent="Meshes/R2/CityRight/City Pivot" instance=ExtResource("2_pmxf5")]
transform = Transform3D(1, 0, 0, 0, 0.989564, 0.144097, 0, -0.144097, 0.989564, 4.89639, 0, 8.9407e-08)

[node name="CityRight2" type="Node3D" parent="Meshes/R2"]
transform = Transform3D(0.810909, 0, 0.496828, 0, 0.951005, 0, -0.496828, 0, 0.810909, 0.51588, 0, 0.0526481)

[node name="City PivotMid" type="Node3D" parent="Meshes/R2/CityRight2"]
transform = Transform3D(1, 0, 0, 0, 1, 0, 0, 0, 1, 0, -4.34849, 0)

[node name="Mesh_buildingsLoop_05" parent="Meshes/R2/CityRight2/City PivotMid" instance=ExtResource("4_yh5vk")]
transform = Transform3D(1.26802, -2.48749e-07, -3.00112e-07, -3.13745e-08, -0.343468, 1.22062, -1.19209e-07, -1.22062, -0.343468, 1.7456, -1.43472e-06, -9.79114e-07)

[node name="Anim_CityRotation_mid" type="AnimationPlayer" parent="Meshes/R2/CityRight2/City PivotMid"]
libraries = {
"": SubResource("AnimationLibrary_rvgy6")
}
autoplay = "Anim_CityRotation_Mid"

[node name="CityRight3" type="Node3D" parent="Meshes/R2"]
transform = Transform3D(1.1314, 0, 0.927197, 0, 1.46279, 0, -0.927197, 0, 1.1314, 5.86641, -0.117934, 0.669335)

[node name="City PivotSlow" type="Node3D" parent="Meshes/R2/CityRight3"]
transform = Transform3D(1, 0, 0, 0, 1, 0, 0, 0, 1, 0, -4.34849, 0)

[node name="Mesh_buildingsLoop_03" parent="Meshes/R2/CityRight3/City PivotSlow" instance=ExtResource("3_p20j8")]
transform = Transform3D(1.64001, 0, 0, 0, -0.241843, 1.62208, 0, -1.62208, -0.241843, 0, 0, 0)

[node name="Anim_CityRotation_slow" type="AnimationPlayer" parent="Meshes/R2/CityRight3/City PivotSlow"]
libraries = {
"": SubResource("AnimationLibrary_vjtfl")
}
autoplay = "Anim_CityRotation_slow"

[node name="SM_Road" parent="Meshes" instance=ExtResource("6_j67yi")]
transform = Transform3D(0.801734, 0, 0, 0, 0.801734, 0, 0, 0, 0.801734, 0, -4.69539, -2.58847)

[node name="PostProcess" type="CanvasLayer" parent="."]
script = ExtResource("4_474d5")
configuration = ExtResource("7_qbrxa")

[node name="WorldEnvironment" type="WorldEnvironment" parent="."]
environment = SubResource("Environment_lakqy")
