[gd_scene load_steps=5 format=3 uid="uid://836trpqu362t"]

[ext_resource type="PackedScene" uid="uid://2f6atne80lb0" path="res://Assets/Meshes/Characters/Eva/robot_Eva_Rigged.tscn" id="1_amx48"]

[sub_resource type="Animation" id="Animation_xx3aq"]
resource_name = "Anim_Robot"
length = 10.0
loop_mode = 1
tracks/0/type = "position_3d"
tracks/0/imported = false
tracks/0/enabled = true
tracks/0/path = NodePath(".")
tracks/0/interp = 1
tracks/0/loop_wrap = true
tracks/0/keys = PackedFloat32Array()
tracks/1/type = "bezier"
tracks/1/imported = false
tracks/1/enabled = true
tracks/1/path = NodePath(".:position:x")
tracks/1/interp = 1
tracks/1/loop_wrap = true
tracks/1/keys = {
"handle_modes": PackedInt32Array(2, 2, 2, 2, 2, 2, 0),
"points": PackedFloat32Array(0.0536268, 0, 0, 0.5, 0, 0.0776, -0.5, 0, 0.477778, 0, 0.00103817, -0.477778, 0, 0.511111, 0, 0.0616375, -0.511111, 0, 0.488889, 0, 0.0242361, -0.488889, 0, 0.677778, 0, 0.0585322, -0.677778, 0, 0.677778, 0, 0.0536268, 0, 0, 0.5, 0),
"times": PackedFloat32Array(0, 1.5, 2.93333, 4.46667, 5.93333, 7.96667, 10)
}
tracks/2/type = "bezier"
tracks/2/imported = false
tracks/2/enabled = true
tracks/2/path = NodePath(".:position:y")
tracks/2/interp = 1
tracks/2/loop_wrap = true
tracks/2/keys = {
"handle_modes": PackedInt32Array(2, 2, 2, 2, 2, 2, 0),
"points": PackedFloat32Array(1.89316, 0, 0, 0.5, 0, 1.97525, -0.5, 0, 0.477778, 0, 1.88387, -0.477778, 0, 0.511111, 0, 2.01649, -0.511111, 0, 0.488889, 0, 1.97202, -0.488889, 0, 0.677778, 0, 1.9969, -0.677778, 0, 0.677778, 0, 1.89316, 0, 0, 0.5, 0),
"times": PackedFloat32Array(0, 1.5, 2.93333, 4.46667, 5.93333, 7.96667, 10)
}
tracks/3/type = "bezier"
tracks/3/imported = false
tracks/3/enabled = true
tracks/3/path = NodePath(".:position:z")
tracks/3/interp = 1
tracks/3/loop_wrap = true
tracks/3/keys = {
"handle_modes": PackedInt32Array(2, 2, 2, 2, 2, 2, 0),
"points": PackedFloat32Array(0, 0, 0, 0.5, 0, 0.00663444, -0.5, 0, 0.477778, 0, 0.0591344, -0.477778, 0, 0.511111, 0, 0.0738016, -0.511111, 0, 0.488889, 0, 0.0383676, -0.488889, 0, 0.677778, 0, 0.0332981, -0.677778, 0, 0.677778, 0, 0, 0, 0, 0.5, 0),
"times": PackedFloat32Array(0, 1.5, 2.93333, 4.46667, 5.93333, 7.96667, 10)
}
tracks/4/type = "bezier"
tracks/4/imported = false
tracks/4/enabled = true
tracks/4/path = NodePath(".:rotation:x")
tracks/4/interp = 1
tracks/4/loop_wrap = true
tracks/4/keys = {
"handle_modes": PackedInt32Array(0, 0, 0, 0, 0, 0, 0),
"points": PackedFloat32Array(0.105894, -0.25, 0, 0.25, 0, 0.105894, -0.25, 0, 0.25, 0, 0.105894, -0.25, 0, 0.25, 0, 0.105894, -0.25, 0, 0.25, 0, 0.105894, -0.25, 0, 0.25, 0, 0.105894, -0.25, 0, 0.25, 0, 0.105894, -0.25, 0, 0.25, 0),
"times": PackedFloat32Array(0, 1.5, 2.93333, 4.46667, 5.93333, 7.96667, 10)
}
tracks/5/type = "bezier"
tracks/5/imported = false
tracks/5/enabled = true
tracks/5/path = NodePath(".:rotation:y")
tracks/5/interp = 1
tracks/5/loop_wrap = true
tracks/5/keys = {
"handle_modes": PackedInt32Array(0, 0, 0, 0, 0, 0, 0),
"points": PackedFloat32Array(0.0344318, -0.25, 0, 0.25, 0, 0.0344318, -0.25, 0, 0.25, 0, 0.0344318, -0.25, 0, 0.25, 0, 0.0344318, -0.25, 0, 0.25, 0, 0.0344318, -0.25, 0, 0.25, 0, 0.0344318, -0.25, 0, 0.25, 0, 0.0344318, -0.25, 0, 0.25, 0),
"times": PackedFloat32Array(0, 1.5, 2.93333, 4.46667, 5.93333, 7.96667, 10)
}
tracks/6/type = "bezier"
tracks/6/imported = false
tracks/6/enabled = true
tracks/6/path = NodePath(".:rotation:z")
tracks/6/interp = 1
tracks/6/loop_wrap = true
tracks/6/keys = {
"handle_modes": PackedInt32Array(0, 0, 0, 0, 0, 0, 0),
"points": PackedFloat32Array(-0.0351911, -0.25, 0, 0.25, 0, -0.0640588, -0.25, 0, 0.25, 0, -0.0295885, -0.25, 0, 0.25, 0, -0.0632908, -0.25, 0, 0.25, 0, -0.0411775, -0.25, 0, 0.25, 0, -0.066764, -0.25, 0, 0.25, 0, -0.0351911, -0.25, 0, 0.25, 0),
"times": PackedFloat32Array(0, 1.5, 2.93333, 4.46667, 5.93333, 7.96667, 10)
}

[sub_resource type="Animation" id="Animation_kwp3a"]
length = 0.001
tracks/0/type = "bezier"
tracks/0/imported = false
tracks/0/enabled = true
tracks/0/path = NodePath(".:position:x")
tracks/0/interp = 1
tracks/0/loop_wrap = true
tracks/0/keys = {
"handle_modes": PackedInt32Array(0),
"points": PackedFloat32Array(0.0536268, -0.25, 0, 0.25, 0),
"times": PackedFloat32Array(0)
}
tracks/1/type = "bezier"
tracks/1/imported = false
tracks/1/enabled = true
tracks/1/path = NodePath(".:position:y")
tracks/1/interp = 1
tracks/1/loop_wrap = true
tracks/1/keys = {
"handle_modes": PackedInt32Array(0),
"points": PackedFloat32Array(1.89316, -0.25, 0, 0.25, 0),
"times": PackedFloat32Array(0)
}
tracks/2/type = "bezier"
tracks/2/imported = false
tracks/2/enabled = true
tracks/2/path = NodePath(".:position:z")
tracks/2/interp = 1
tracks/2/loop_wrap = true
tracks/2/keys = {
"handle_modes": PackedInt32Array(0),
"points": PackedFloat32Array(0, -0.25, 0, 0.25, 0),
"times": PackedFloat32Array(0)
}
tracks/3/type = "bezier"
tracks/3/imported = false
tracks/3/enabled = true
tracks/3/path = NodePath(".:rotation:x")
tracks/3/interp = 1
tracks/3/loop_wrap = true
tracks/3/keys = {
"handle_modes": PackedInt32Array(0),
"points": PackedFloat32Array(0.105894, -0.25, 0, 0.25, 0),
"times": PackedFloat32Array(0)
}
tracks/4/type = "bezier"
tracks/4/imported = false
tracks/4/enabled = true
tracks/4/path = NodePath(".:rotation:y")
tracks/4/interp = 1
tracks/4/loop_wrap = true
tracks/4/keys = {
"handle_modes": PackedInt32Array(0),
"points": PackedFloat32Array(0.0344318, -0.25, 0, 0.25, 0),
"times": PackedFloat32Array(0)
}
tracks/5/type = "bezier"
tracks/5/imported = false
tracks/5/enabled = true
tracks/5/path = NodePath(".:rotation:z")
tracks/5/interp = 1
tracks/5/loop_wrap = true
tracks/5/keys = {
"handle_modes": PackedInt32Array(0),
"points": PackedFloat32Array(-0.0351911, -0.25, 0, 0.25, 0),
"times": PackedFloat32Array(0)
}

[sub_resource type="AnimationLibrary" id="AnimationLibrary_eapgk"]
_data = {
"Anim_Robot": SubResource("Animation_xx3aq"),
"RESET": SubResource("Animation_kwp3a")
}

[node name="EVA" type="Node3D"]
transform = Transform3D(0.999033, 0.039044, -0.0202136, -0.0389663, 0.999232, 0.00422383, 0.0203629, -0.00343208, 0.999787, 0.0527237, -0.20392, -0.415091)

[node name="Robot Pivot" type="Node3D" parent="."]
transform = Transform3D(0.99866, 0.0387993, 0.0342322, -0.0349867, 0.993783, -0.105696, -0.0381203, 0.104357, 0.993809, 0.0536268, 1.89316, 0)

[node name="Robot_eva_03" parent="Robot Pivot" instance=ExtResource("1_amx48")]
transform = Transform3D(3.98352, -0.166432, -0.0077004, 0.119631, 2.98548, -2.63984, 0.115963, 2.63731, 2.98786, 0.00796632, -3.76792, -5.05475)

[node name="SpotLight3D3" type="SpotLight3D" parent="Robot Pivot/Robot_eva_03"]
transform = Transform3D(0.999948, -0.00821157, -0.00605043, 0.0100089, 0.675693, 0.737115, -0.00196457, -0.737137, 0.67574, 0.473005, 0.30621, -0.923737)
light_color = Color(0.95, 0.8664, 0.494, 1)
light_energy = 150.0
light_volumetric_fog_energy = 10.0
spot_range = 1.63342
spot_angle = 45.3775

[node name="SpotLight3D4" type="SpotLight3D" parent="Robot Pivot/Robot_eva_03"]
transform = Transform3D(0.857698, -0.00821157, -0.514089, 0.383739, 0.675692, 0.629431, 0.342198, -0.737137, 0.582691, -0.451385, 0.177326, -0.791424)
light_color = Color(0.95, 0.8664, 0.494, 1)
light_energy = 150.0
light_volumetric_fog_energy = 10.0
spot_range = 1.63342
spot_angle = 45.3775

[node name="SpotLight3D5" type="SpotLight3D" parent="Robot Pivot/Robot_eva_03"]
transform = Transform3D(0.999256, -0.00821163, -0.0376832, 0.0333243, 0.675693, 0.73643, 0.019415, -0.737137, 0.675464, 1.22601, 5.29314, 0.995835)
light_color = Color(0.95, 0.8664, 0.494, 1)
light_energy = 1500.0
light_volumetric_fog_energy = 10.0
spot_range = 0.787848
spot_angle = 45.3775

[node name="SpotLight3D6" type="SpotLight3D" parent="Robot Pivot/Robot_eva_03"]
transform = Transform3D(0.999256, -0.00821163, -0.0376832, 0.0333243, 0.675693, 0.73643, 0.019415, -0.737137, 0.675464, -0.864019, 5.27357, 1.40527)
light_color = Color(0.95, 0.8664, 0.494, 1)
light_energy = 1500.0
light_volumetric_fog_energy = 10.0
spot_range = 0.787848
spot_angle = 45.3775

[node name="Anim_Robot" type="AnimationPlayer" parent="Robot Pivot"]
libraries = {
"": SubResource("AnimationLibrary_eapgk")
}
autoplay = "Anim_Robot"
